# Convention: X_sup = (X_orig + 1t')R ,
# where the X structures are Kx3 row x col matrices (of K atoms),
# R is an orthogonal 3x3 rotation matrix,
# t is a 3x1 translation column vector, and
# 1 is a Kx1 column vector of ones, such that
# 1t' is a Kx3 matrix of identical rows, in which
# each row is the row vector t'.

# Translation vectors
MODEL    1 t:   40.6550   -8.7619   55.8106
MODEL    2 t:   40.7815   -8.4822   55.9332
MODEL    3 t:   40.7682   -8.4001   56.0630
MODEL    4 t:   40.8644   -8.6482   56.0598
MODEL    5 t:   40.9995   -8.4890   56.1389
MODEL    6 t:   40.6323   -8.7439   55.9965
MODEL    7 t:   40.9968   -8.3581   56.1264
MODEL    8 t:   40.8882   -8.4221   56.1441
MODEL    9 t:   40.7324   -9.0307   56.0403
MODEL   10 t:   40.8876   -8.6340   55.9957
MODEL   11 t:   40.8522   -8.5198   55.8880
MODEL   12 t:   40.7363   -8.5306   56.0571
MODEL   13 t:   40.6817   -8.2887   56.0279
MODEL   14 t:   40.8456   -8.4671   56.0861
MODEL   15 t:   40.7586   -8.2993   56.0360
MODEL   16 t:   40.7112   -8.6926   55.8372
MODEL   17 t:   41.0347   -8.7564   55.9106
MODEL   18 t:   40.8253   -8.5319   56.0126
MODEL   19 t:   40.4625   -8.6226   55.8288
MODEL   20 t:   40.5893   -8.7065   55.9679

# Rotation matrices
MODEL    1 R:  0.7611145  0.5446047  0.3522931    -0.3334659  0.7944187 -0.5076410    -0.5563320  0.2688952  0.7862507    
MODEL    2 R:  0.7585348  0.5270508  0.3832002    -0.3354531  0.8199861 -0.4637822    -0.5586556  0.2232492  0.7987889    
MODEL    3 R:  0.7607561  0.5287437  0.3764045    -0.3362892  0.8171410 -0.4681775    -0.5551214  0.2295881  0.7994558    
MODEL    4 R:  0.7553286  0.5381643  0.3739759    -0.3471726  0.8125908 -0.4681532    -0.5558327  0.2237753  0.8006089    
MODEL    5 R:  0.7541499  0.5312349  0.3860666    -0.3414721  0.8193815 -0.4604463    -0.5609410  0.2154146  0.7993383    
MODEL    6 R:  0.7693756  0.5376892  0.3448935    -0.3358875  0.7997652 -0.4975492    -0.5433606  0.2669568  0.7959229    
MODEL    7 R:  0.7583447  0.5329448  0.3753442    -0.3494433  0.8184542 -0.4560945    -0.5502752  0.2147153  0.8069043    
MODEL    8 R:  0.7606251  0.5348308  0.3679749    -0.3460047  0.8135855 -0.4672894    -0.5492998  0.2281110  0.8038875    
MODEL    9 R:  0.7614190  0.5463955  0.3488455    -0.3309386  0.7903484 -0.5155860    -0.5574234  0.2771305  0.7826097    
MODEL   10 R:  0.7523960  0.5356433  0.3833882    -0.3341757  0.8119575 -0.4785934    -0.5676503  0.2319727  0.7899125    
MODEL   11 R:  0.7542689  0.5324757  0.3841198    -0.3437549  0.8187209 -0.4599225    -0.5593845  0.2148622  0.8005768    
MODEL   12 R:  0.7633269  0.5213646  0.3814591    -0.3304788  0.8225158 -0.4628732    -0.5550818  0.2272594  0.8001483    
MODEL   13 R:  0.7632407  0.5278524  0.3726063    -0.3430366  0.8197489 -0.4586258    -0.5475304  0.2222243  0.8067384    
MODEL   14 R:  0.7676129  0.5217428  0.3722297    -0.3361180  0.8222161 -0.4593314    -0.5457061  0.2274756  0.8065108    
MODEL   15 R:  0.7577407  0.5219201  0.3916995    -0.3312687  0.8248170 -0.4581899    -0.5622189  0.2174313  0.7978931    
MODEL   16 R:  0.7608415  0.5384410  0.3622176    -0.3274197  0.8004309 -0.5021024    -0.5602826  0.2634231  0.7852972    
MODEL   17 R:  0.7544567  0.5391337  0.3743393    -0.3308279  0.8049514 -0.4925507    -0.5668756  0.2477663  0.7856614    
MODEL   18 R:  0.7599579  0.5250510  0.3831258    -0.3316772  0.8201951 -0.4661226    -0.5589761  0.2271595  0.7974612    
MODEL   19 R:  0.7696079  0.5358004  0.3473063    -0.3268674  0.7978495 -0.5065509    -0.5485083  0.2763225  0.7891670    
MODEL   20 R:  0.7733953  0.5315599  0.3454037    -0.3285453  0.8020827 -0.4987196    -0.5421417  0.2722267  0.7949686    

# Rotations, angle-axis representation
MODEL    1 Angle:  0.8353854  Axis:  0.5235863  0.6126484 -0.5920468
MODEL    2 Angle:  0.8111640  Axis:  0.4737565  0.6494758 -0.5947571
MODEL    3 Angle:  0.8111343  Axis:  0.4811720  0.6423707 -0.5965178
MODEL    4 Angle:  0.8172022  Axis:  0.4744213  0.6375239 -0.6070319
MODEL    5 Angle:  0.8142213  Axis:  0.4647064  0.6511406 -0.6000533
MODEL    6 Angle:  0.8195750  Axis:  0.5230211  0.6076808 -0.5976395
MODEL    7 Angle:  0.8067461  Axis:  0.4645241  0.6409753 -0.6110384
MODEL    8 Angle:  0.8106203  Axis:  0.4797752  0.6328523 -0.6077119
MODEL    9 Angle:  0.8403683  Axis:  0.5321039  0.6083248 -0.5889027
MODEL   10 Angle:  0.8269368  Axis:  0.4828130  0.6462083 -0.5910215
MODEL   11 Angle:  0.8137421  Axis:  0.4641765  0.6490256 -0.6027487
MODEL   12 Angle:  0.8051605  Axis:  0.4786326  0.6495259 -0.5907850
MODEL   13 Angle:  0.8025656  Axis:  0.4733772  0.6397469 -0.6055063
MODEL   14 Angle:  0.7979583  Axis:  0.4796593  0.6410774 -0.5991216
MODEL   15 Angle:  0.8089958  Axis:  0.4668508  0.6591527 -0.5895490
MODEL   16 Angle:  0.8321539  Axis:  0.5176784  0.6238308 -0.5855290
MODEL   17 Angle:  0.8331678  Axis:  0.5001699  0.6358997 -0.5877598
MODEL   18 Angle:  0.8109541  Axis:  0.4781620  0.6497750 -0.5908921
MODEL   19 Angle:  0.8253332  Axis:  0.5327309  0.6095852 -0.5870295
MODEL   20 Angle:  0.8158861  Axis:  0.5292540  0.6092991 -0.5904615

# Mean
LM     1 M:    14.364051444656    14.706670897729     6.234705069186
LM     2 M:    13.309749007102    16.909987414227     8.842033513274
LM     3 M:    11.462186708655    14.929508607863    11.129131317884
LM     4 M:     9.851962257825    14.707049599758    14.213096046008
LM     5 M:     8.493191013604    11.439265853996    13.679602487545
LM     6 M:     5.984575154483     9.587071031463    14.079008796088
LM     7 M:     4.760662301532     6.323519051723    13.420325181355
LM     8 M:     2.218919242107     4.068645116529    13.534557594544
LM     9 M:     3.359932305298     0.711226458106    14.295667568610
LM    10 M:     1.641970365668    -2.352303008424    13.715490695223
LM    11 M:    -0.530269505522    -4.895081017860    14.411075948451
LM    12 M:    -3.868115634198    -5.929919834445    13.148588369828
LM    13 M:    -6.073425347670    -3.570905587547    14.902278326508
LM    14 M:    -9.618165393259    -2.791094188646    14.854456135335
LM    15 M:   -11.595705564372    -0.217707318237    16.461753635894
LM    16 M:   -14.885208488299    -1.188620360779    15.202807834368
LM    17 M:   -13.905460226703    -2.379586675650    11.847006964070
LM    18 M:   -11.693172054034    -4.993680406337    10.637140229466
LM    19 M:   -10.175881586480    -4.180753026757     7.350152015927
LM    20 M:    -8.133543695781    -6.911655391586     6.018254842321
LM    21 M:    -5.861017018076    -6.949622832912     3.077837374314
LM    22 M:    -5.441004816003    -9.822613219820     0.804497943179
LM    23 M:    -3.831850215080    -9.379721355161    -2.445217631499
LM    24 M:    -3.985102477843   -11.657666435495    -4.959154425860
LM    25 M:    -2.627431429041   -10.788111439261    -7.891252234429
LM    26 M:    -0.940726837860   -11.744746862655   -10.474495343764
LM    27 M:     0.217326686280   -12.256553864343   -13.119734831793
LM    28 M:     0.412688074688   -10.218289388139   -14.990869324093
LM    29 M:     2.012834502369   -10.460492393218   -17.526803404334
LM    30 M:     4.161233334685    -9.715110928348   -17.787826606138
LM    31 M:     5.500898307669    -9.258832604148   -15.588331600722
LM    32 M:     5.470748098298   -10.000870146537   -12.654532795392
LM    33 M:     3.747941101803    -8.112780505862   -10.308655148684
LM    34 M:     3.255863056194    -8.470212130569    -6.729003916787
LM    35 M:     4.127960411767   -11.335825034684    -4.514955159006
LM    36 M:     2.182879903285   -11.210667319798    -1.320915085081
LM    37 M:     4.079117827156   -13.360863300163     1.083302511083
LM    38 M:     2.320837977566   -14.721180666469     3.974638354746
LM    39 M:     3.063502604705   -14.455043334146     6.758936310235
LM    40 M:     2.708843835413   -11.318278269777     7.693262072176
LM    41 M:     2.321844785473    -9.857058240892     5.114108564391
LM    42 M:     5.197839648445    -8.798789623106     3.133059146756
LM    43 M:     4.527796251706    -7.258828820244    -0.242889862456
LM    44 M:     7.028791532597    -7.370339495021    -2.976332302028
LM    45 M:     6.283010776536    -5.335026660211    -5.992950357837
LM    46 M:     7.504151347553    -5.393984795875    -9.404980042574
LM    47 M:     8.912943140739    -4.607588509055   -12.770295487421
LM    48 M:     6.430015856106    -2.200715765686   -14.056753698018
LM    49 M:     5.791606084695    -1.382967471149   -10.529041760794
LM    50 M:     2.350720703503    -2.013449034338    -9.431328970014
LM    51 M:     0.944243033097    -3.205003583715    -6.282352239534
LM    52 M:    -2.403119853559    -4.315769604072    -5.554204769988
LM    53 M:    -4.164630015804    -4.296400782376    -2.266797444483
LM    54 M:    -7.534536359363    -5.967973671036    -1.928210950845
LM    55 M:    -9.433849619396    -4.775307589211     1.035119487218
LM    56 M:   -11.810234729492    -7.053401730992     2.696134346561
LM    57 M:   -14.227053451388    -5.667929680820     5.100446916250
LM    58 M:   -15.529859717065    -7.479169122919     7.899068981792
LM    59 M:   -17.702853084108    -5.976618530344    10.215544505716
LM    60 M:   -18.819510181598    -2.965631666726     8.746077852050
LM    61 M:   -18.604017718047    -1.665719356073     5.689043469796
LM    62 M:   -17.607544132596     1.282631557794     5.094524745105
LM    63 M:   -19.439368388148     4.079831776967     4.430090334976
LM    64 M:   -17.853145875922     7.072804110843     3.610796480293
LM    65 M:   -14.784656072363     5.738642675141     4.170805069846
LM    66 M:   -11.352481997788     6.869140889674     3.553249654412
LM    67 M:    -8.443107672073     4.614651449025     3.055956870510
LM    68 M:    -5.166483982884     6.106948510713     3.932348329022
LM    69 M:    -2.227545690339     4.321780451241     2.431407202409
LM    70 M:     0.894399951768     5.172477784689     4.317499690772
LM    71 M:     4.478264966559     4.205078923098     3.849769417194
LM    72 M:     6.764686300610     4.513375118519     6.792917010085
LM    73 M:    10.333196971148     3.588734610443     7.051222421056
LM    74 M:    10.876781440400     2.088854789380    10.433438704184
LM    75 M:    13.786675159513     0.742418315901    11.134172937932
LM    76 M:    16.453860918787     0.737103946702    12.876904135341
LM    77 M:    17.946615023921     3.333594062735    12.431957255863
LM    78 M:    15.896828019114     4.953602548666    10.253392254274
LM    79 M:    12.929614801116     6.623632609594    11.739973204368
LM    80 M:    14.262271871536    10.008720542469    12.456522874302
LM    81 M:    14.439349359001    10.017634120462     8.733891578974
LM    82 M:    11.257858874935     8.921754166580     7.220772533907
LM    83 M:     9.542219055757     8.294218266260     3.963850597994
LM    84 M:     8.887761519556    10.976246705160     1.476162518502
LM    85 M:    11.409454536767    11.498308694513    -1.135363913889
LM    86 M:    14.190186899064     9.007813040650    -1.069848310727
LM    87 M:    16.412439281397     8.366710962671    -3.980146612323
LM    88 M:    14.907102944535     6.848193786625    -7.062520784585
LM    89 M:    12.379154750660     9.331545644585    -6.077342022255
LM    90 M:    14.589665021098    12.252613477774    -6.204140472183
LM    91 M:    15.811136282201    11.405532259712    -9.566007020241
LM    92 M:    12.232517928101    11.513755997847   -10.223592601547
LM    93 M:    10.712667772866    14.243563402347    -8.606726181031
LM    94 M:     7.724691916272    15.152208769506    -8.684161945328
LM    95 M:     7.930667825814    17.986570446830    -7.893723144683
LM    96 M:     7.237118953490    18.616509933705    -7.329569958716
LM    97 M:     6.983531801812    19.795997965334    -5.317538439375
LM    98 M:     8.504054168947    19.243695372200    -3.122068207731
LM    99 M:     9.231764214012    17.569481149330    -1.457891599766
LM   100 M:     8.298686275040    17.658790199636    -2.009334255153
LM   101 M:     6.812853464535    16.960427436269    -1.746946680019
LM   102 M:     6.927056016501    13.500245543899    -2.684454979376
LM   103 M:     6.227047510702     9.983788675369    -3.065267252146
LM   104 M:     6.532874233721     6.425208209718    -1.957140373119
LM   105 M:     3.133169985878     4.876833048956    -2.535194905492
LM   106 M:     0.740097567192     6.579195316646    -4.843206149725
LM   107 M:    -2.664652150642     5.273551370147    -5.430230678362
LM   108 M:    -4.196285842333     5.630704557843    -8.763812189853
LM   109 M:    -6.920530178810     4.447473401688   -10.746521311458
LM   110 M:    -9.348237316430     2.316801271526    -9.229727370210
LM   111 M:    -9.510706047705     4.229610595964    -6.084351044550
LM   112 M:    -9.644952183614     7.924187411504    -6.120639628499
LM   113 M:    -6.557340307377     9.510294232659    -5.029821874393
LM   114 M:    -6.004295891102    12.370357941817    -2.799247471136
LM   115 M:    -2.625132913070    13.186111532536    -1.508804127533
LM   116 M:    -2.102931806561    14.541800163951     1.899736582137
LM   117 M:     1.346864617477    15.716495874409     2.673335248546
LM   118 M:     2.702286883816    15.712937414380     6.106161031353
LM   119 M:     5.757648656171    17.762559736584     6.158048318852
LM   120 M:     6.870140099767    18.429435563089     9.619257897641
LM   121 M:     7.500882755949    15.080323701422     9.554479187574
LM   122 M:     7.869941687210    13.391651776060     6.319916188051
LM   123 M:     5.102260474033    11.190008375722     5.417101221975
LM   124 M:     3.156949619871    10.899630192412     2.261841344077
LM   125 M:    -0.271183091667     9.698689887858     3.048655338091
LM   126 M:    -2.303364182730     8.962916784741     0.012855034568
LM   127 M:    -5.902361771764     9.282800170481     0.939665832288
LM   128 M:    -8.432801162864     7.451308502625    -0.989274074645
LM   129 M:   -12.077160104503     7.366551364250    -1.121323300581
LM   130 M:   -13.298103028314     3.969924008028    -1.814988248674
LM   131 M:   -15.111650283617     2.654727554689    -4.684630888712
LM   132 M:   -14.760833051499    -0.288685031317    -5.861045704652
LM   133 M:   -15.136835418438    -2.919730676497    -7.015505936279
LM   134 M:   -14.098898348151    -6.054820012784    -7.034986292575
LM   135 M:   -15.626358776067    -8.404098779880    -5.585795345011
LM   136 M:   -17.580749033482    -9.865079225044    -4.079683009031
LM   137 M:   -17.004677903593    -9.699970332888    -1.031554738649
LM   138 M:   -17.469831621104    -6.867274163246     0.294992048066
LM   139 M:   -14.494083503812    -5.681821223314    -0.959269806571
LM   140 M:   -12.602962334264    -3.098196447840    -2.502230777204
LM   141 M:    -9.509743553568    -3.089239556530    -4.525840040754
LM   142 M:    -7.088645614107    -0.435415965245    -3.525866227803
LM   143 M:    -4.273271128552    -0.292939988282    -6.020240558539
LM   144 M:    -0.990496710793     1.210328333101    -5.937040893231
LM   145 M:     2.066826895926     2.310263482966    -7.694283184362
LM   146 M:     5.039361994805     2.079260856147    -5.421526052187
LM   147 M:     7.928049467332     4.103246798023    -6.662812524513
LM   148 M:    10.863804335476     3.369002545023    -4.565284947410
LM   149 M:    13.629144216418     1.422185417186    -3.466447596075
LM   150 M:    15.867112367144    -1.198049893837    -2.246895302127
LM   151 M:    19.260262919090    -0.386247593635    -3.071565806417
LM   152 M:    18.509612131051     2.979277547485    -3.499836851120
LM   153 M:    19.213309953161     4.636638231964    -0.603975973624
LM   154 M:    21.321419007707     6.217673970854     1.523289752510
LM   155 M:    18.757717985378     7.059778278559     3.632834216862
LM   156 M:    16.314437304887     4.398953148480     4.096011883521
LM   157 M:    17.975060312107     1.121992697241     4.413298478716
LM   158 M:    15.343723520514    -0.890586715888     3.981684756781
LM   159 M:    14.309709618802    -3.691372260991     3.837470776888
LM   160 M:    11.609055592301    -3.468394377788     5.511552868366
LM   161 M:     9.588331205469    -0.390351811864     4.773635953083
LM   162 M:     6.486443303305    -0.550118795240     6.811288318741
LM   163 M:     3.309024706235     0.094532516926     4.959942696973
LM   164 M:     0.237743484772     0.778110922768     6.935648352018
LM   165 M:    -3.258654051296     0.790308182949     5.525118233565
LM   166 M:    -5.766897932579     2.538772284247     7.687515686538
LM   167 M:    -9.425151754016     2.606484795521     6.997158221182
LM   168 M:   -11.289945533226     5.426054014655     8.527188163327
LM   169 M:   -14.927295328069     5.641111515661     8.952436473650
LM   170 M:   -16.531186513916     8.620160753303     9.929876913068
LM   171 M:   -18.732150197351     8.235675400697    11.835675955272
LM   172 M:   -17.613178162495     7.526002446578    14.904153782004
LM   173 M:   -15.231349302895     6.209271166241    14.617237956499
LM   174 M:   -13.425014272207     3.872900339780    13.525902532808
LM   175 M:   -10.236542759100     2.992719619159    12.344230537786
LM   176 M:    -9.139404461931    -0.271743932489    11.062043778481
LM   177 M:    -5.443529728412    -0.621691137645    10.934395008052
LM   178 M:    -3.618321666395    -3.344579938099     9.198646280977
LM   179 M:     0.120325809302    -3.614808039967     8.880412671041
LM   180 M:     2.193732765276    -4.838928705535     5.977924708343
LM   181 M:     5.883139289401    -4.850750338524     5.272433154893
LM   182 M:     6.807596889829    -3.453337113660     1.882458095949
LM   183 M:     9.464556675801    -3.672575312138    -0.672975623677
LM   184 M:     9.850221740835    -2.095700199405    -3.894929978028
LM   185 M:    11.352682976750    -2.251563080346    -7.182828575697
LM   186 M:    12.522567146845    -5.695669411741    -7.319836905265
LM   187 M:    11.483123804095    -8.597007095793    -9.385679980653
LM   188 M:     9.225443254241   -10.264208696897    -7.039685565723
LM   189 M:     9.936761605516   -13.849817493284    -7.120154375515
LM   190 M:    13.571369299644   -14.139603743062    -6.607849193659
LM   191 M:    12.980433616947   -11.845008413850    -3.854422040252
LM   192 M:    10.570227554380   -14.236498309777    -2.357068903298
LM   193 M:    13.081492734343   -16.903061807252    -2.374184389293
LM   194 M:    15.407475139622   -14.793960838853    -0.586369726068
LM   195 M:    12.764948293453   -13.859347084839     1.698552645627
LM   196 M:    11.850651534384   -17.335995693692     2.336231581641
LM   197 M:    15.153984130991   -17.827758126832     3.492686665267
LM   198 M:    15.018821033229   -15.096711877006     5.697176281543
LM   199 M:    12.394598154783   -15.405184310173     7.553679636488


