1.3955926699415533;
1.4627899298969211;
1.538921948005359;
1.6124798405109322;
1.61347641762815;
1.8250722691767938;
1.7130678518073361;
1.7314639143502886;
1.6692719583727214;
1.8078376294455087;
1.8686719962026075;
1.780415922582937;
1.8195905090319302;
1.8120721278061105;
1.862717180056813;
1.9765895289361315;
1.8732644265590896;
1.8356484867079803;
1.927565924779636;
1.9543737066301246;
2.000900919706002;
1.9754732737374103;
1.897220831498455;
1.9645162806030654;
1.8992429218207663;
1.8908959073813636;
1.8800995366345206;
1.90227332727153;
1.70509243841843;
1.6057733088632034;
1.7684277893045148;
1.8757340499947888;
1.8090430914862627;
1.8164057637460742;
1.7650232393075513;
1.8831064774235924;
1.7331561859787608;
1.8810280819023903;
1.917130249992605;
1.8404868314409628;
1.8535645413935262;
1.752388858414979;
1.8794920369946857;
1.8555981759394022;
1.891107923946482;
1.9308024796263044;
1.9463146025337323;
1.8566810925155577;
1.92234159879062;
1.8963579807190476;
1.992061119024052;
1.955613960828617;
2.0482045766409294;
2.0154223357544905;
1.984915960223869;
1.9724874904108243;
1.99680904287189;
1.9767612317350984;
1.9463678106974855;
1.870527086300437;
2.032608277781333;
2.0524896076918417;
1.9973674742299732;
1.9786199960725648;
1.923680918637487;
1.9420581606724976;
2.0649080170910312;
2.223724071510762;
2.241929556346094;
2.162231307615452;
2.1540407996628055;
2.1033859015770067;
2.0603534638658085;
2.064753908483106;
1.9930024403515412;
2.140920073783111;
2.1831221651148587;
2.063353537629777;
2.1226623896451073;
2.135497912574476;
2.2128241747120434;
2.220028656427599;
2.211497398963371;
2.205043270496077;
2.2369759471598276;
2.18000944590048;
2.111429312199653;
2.036323321036829;
2.048262930236053;
2.136197801075019;
2.139379210569575;
2.244673494321739;
2.2767933148045607;
2.1076499105770683;
2.261277191504613;
2.272325442054611;
2.2254290372359415;
2.235892615008697;
2.2116934534238184;
2.3555730664816297;
2.3507185542865616;
2.1612086159777864;
2.3085727009402954;
2.466849498449528;
2.4337933688966062;
2.4193733845887837;
2.359904742009158;
2.4290576277628033;
2.3403266502050157;
2.404079707980581;
2.298443822060485;
2.142200270192493;
2.298123386652494;
2.1986349876494;
2.237266716366118;
2.296711428827095;
2.2011612079763148;
2.3374237072346524;
2.2589789075810005;
2.34604162513711;
2.467943516709199;
2.4075680519129716;
2.460492255483026;
2.443039620298647;
2.5151520738737463;
2.5498610906622794;
2.4730739555619277;
2.4343980840743082;
2.426752356476574;
2.450969615744237;
2.4736864021023877;
2.631108693161889;
2.604730936291247;
2.4489111591684476;
2.3997831546669106;
2.4021472902534646;
2.399293411031078;
2.423369893493863;
2.366180633135108;
2.357712217862108;
2.396815913750569;
2.4164789805412283;
2.3999450322446063;
2.3734920549673206;
2.5111137294949337;
2.4311281547789867;
2.4081638389543714;
2.3663349254003325;
2.300549248244581;
2.3453906095989865;
2.374442056942977;
2.3996593810639464;
2.5649466129914806;
2.5020074475032446;
2.4786172196915683;
2.3294385386755456;
2.408101720972612;
2.455399090855533;
2.537509447515669;
2.5234754493750287;
2.480107704693728;
2.474115921353466;
2.41419453192172;
2.360338268588199;
2.396146879839918;
2.452479926231494;
2.4485365626477367;
2.4569659589510278;
2.506555598522692;
2.4933087062478574;
2.3495602211757736;
2.39519368914031;
2.325050088572851;
2.291933771071435;
2.3278439001566436;
2.3187592554116123;
2.3988033799842063;
2.2967644339528235;
2.3476067229850757;
2.3133978585180413;
2.3461466370067505;
2.2452706046197592;
2.306555796237826;
2.32195438998265;
2.281908973470414;
2.151488045310422;
2.124938025246393;
2.147799407962935;
2.12557582792893;
2.19248616266538;
2.101706524125715;
2.181108633449051;
2.137505093997291;
2.1716338873373546;
2.1674575628624035;
2.264571896388587;
2.3226882090453795;
2.3208093007843713;
2.2497381597368684;
2.325318271481627;
2.292910636642004;
2.3804330842268615;
2.3145051142532047;
2.271976070566082;
2.2248522245371385;
2.215676763920043;
2.191099423689623;
2.2535373807560375;
2.2783487425705737;
2.3143947282667794;
2.3075012992931354;
2.2373616696475613;
2.2500942571263556;
2.262523208999681;
2.286336087349465;
2.2189724022962123;
2.2216087452353257;
2.3146080753927327;
2.295617000741357;
2.358632371595375;
2.27958474401444;
2.2451047334321568;
2.3319504124975414;
2.326169051377807;
2.2694983264111985;
2.2470870177886715;
2.305787479467437;
2.2801552330022057;
2.227949790829113;
2.1546022151744193;
2.198229614722386;
2.3344684078621736;
2.2214024157663843;
2.2332396271914363;
2.2796982973081183;
2.2945617225539485;
2.343699605220725;
2.363809837970944;
2.39748425742411;
2.320099997795888;
2.351850406106412;
2.2893565937736673;
2.2964300493535412;
2.3533110354612994;
2.3181384416829593;
2.3349759938008803;
2.3732248492018315;
2.266940476399323;
2.2378531544517815;
2.1940242894771966;
2.18482338817189;
2.209947015714638;
2.2362427841002908;
2.1910183100022675;
2.344583207661214;
2.248463499992207;
2.2594303940631932;
2.246128844423745;
2.3503610347387607;
2.3446470758345677;
2.3176706744288054;
2.2453576374109905;
2.289816957584989;
2.29481456561485;
2.375174651763111;
2.3136359231545245;
2.361488950520262;
2.469114608164124;
2.483428730932727;
2.518701192743806;
2.4826154825196105;
2.5195168765140075;
2.5271475797156278;
2.5690617098021957;
2.4914472516478092;
2.557709432151407;
2.5564708838027586;
2.6303588309713777;
2.5805192298928543;
2.5182605116759933;
2.5390788389528582;
2.4787541433079965;
2.5031977646572505;
2.5919475269057917;
2.63767062000675;
2.5822330061265677;
2.5651489205775344;
2.546185286659292;
2.521625417235697;
2.5526693607298654;
2.6740487672996656;
2.5138546379480906;
2.3982835438529264;
2.526782432758819;
2.483526954942199;
2.4305176949551286;
2.5136325514527593;
2.382891584390389;
2.388107873279715;
2.4247164295945933;
2.3217269971887333;
2.322978810196916;
2.1384565806608333;
2.247015917112844;
2.3035670327711677;
2.3102917039288666;
2.375335358408286;
2.3143510267444736;
2.4329988258257504;
2.3723012671448855;
2.38365906012719;
2.447767995290444;
2.394409084143199;
2.3121161643285624;
2.4217736005625037;
2.4096657828235193;
2.4149867267637424;
2.4693870730931655;
2.4379841154575876;
2.380572603737263;
2.371734528977497;
2.2633188071289974;
2.2665314185281966;
2.2879311264652604;
2.296317262243228;
2.2727935410014193;
2.3584794497856265;
2.3206093058507276;
2.377274580900126;
2.3510017301150534;
2.3820479923743787;
2.355232354515922;
2.37959032403929;
2.3654804698525966;
2.351085374532453;
2.341605133094884;
2.3924036388182883;
2.3571831970527324;
2.420166113872569;
2.3474000288275803;
2.4040389231213783;
2.3748461415058424;
2.2969664800988157;
2.2889179410087;
2.3061260762225766;
2.1893346008838126;
2.2637727613635157;
2.157986497249218;
2.247723123735528;
2.272271388113207;
2.310934166295905;
2.313022179662535;
2.342716234253105;
2.390715865250908;
2.281999794411786;
2.2268616325738866;
2.322408041654788;
2.2544671879058655;
2.295940274057309;
2.2814967414772642;
2.301338854047311;
2.3127103626186463;
2.210739310260158;
2.219539015099112;
2.2862609372546605;
2.309530113057229;
2.398197361088841;
2.319541559448599;
2.308793841171014;
2.24495977826008;
2.2251522229675142;
2.1872905532899023;
2.2603549522696347;
2.2383608364296435;
2.264822284650727;
2.1630565236138515;
2.1457330674146258;
2.1667281145301964;
2.147369760860301;
2.263786076360542;
2.2475699828931326;
2.1395071990386962;
2.266236746517948;
2.44902714990446;
2.4253757235818716;
2.370220251728106;
2.4361677119373977;
2.4349200529507247;
2.3767401430036847;
2.466998235297618;
2.365026062955787;
2.3421935010140813;
2.4091668224406506;
2.4601711829195225;
2.434876867830953;
2.3474299319076595;
2.3511478989134043;
2.346787948943479;
2.417049922937557;
2.34271502292799;
2.3753406904462793;
2.3988839527331858;
2.37808447146589;
2.365746571772307;
2.4117581394508187;
2.3558994432552707;
2.3560687912556233;
2.3637893186992653;
2.3990084911188267;
2.328220669802243;
2.322902842530168;
2.2560700043151294;
2.2141769968107865;
2.2809581453040892;
2.289209135511166;
2.380216593820789;
2.483469757742876;
2.445967914283092;
2.367165670987187;
2.285604194488864;
2.2811129875412233;
2.2465641568431898;
2.145102450461317;
2.265998965565513;
2.286124565803713;
2.365594176873536;
2.2626291749153875;
2.229615212420473;
2.3704238804697155;
2.3141550436477636;
2.277645850187442;
2.294547309642005;
2.257007134534033;
2.277368301219038;
2.337398199917173;
2.4055053026630344;
2.3377760862792627;
2.2341061362385273;
2.3064780749766434;
2.264256276251826;
2.3818022868052378;
2.3179892452867605;
2.444418817558059;
2.2965885682809044;
2.234020275877439;
2.279374290633427;
2.3000080825376834;
2.312475437845119;
2.3386522245390906;
2.447856509480111;
2.427334974808135;
2.4610930452624493;
2.3187530487255437;
2.4486679847426704;
2.3956793359508284;
2.3694742394808346;
2.3856069767035124;
2.4185207109721785;
2.43781253428493;
2.4591625833577146;
2.4962491022649256;
2.527200825461711;
2.4431048606354313;
2.487437701378382;
2.4973732722711253;
2.4681699565885378;
2.426390703664095;
2.4932446316219297;
2.444598036028549;
2.3945950726940026;
2.354353126791882;
2.490653534189063;
2.447687007099814;
2.3862023946909883;
2.327479104076547;
2.35918556747287;
2.4771092602178912;
2.5821800283314467;
2.5545877476334655;
2.572297347674023;
2.584663032505978;
2.6436088836036644;
2.5457923628340215;
2.4413407575014108;
2.4503567650135545;
2.425917966372526;
2.4828417430615315;
2.328231398295906;
2.2873410039156923;
2.293173864651815;
2.2977799433935173;
2.384823755223403;
2.3739753816476625;
2.4055929698464507;
2.3952785508020313;
2.4337491746701567;
2.315248135577004;
2.3078521521370705;
2.45130800263237;
2.3672552182833435;
2.3921930186084928;
2.326616591139586;
2.3793875520180907;
2.3959068792582694;
2.3361762274123485;
2.380625617916723;
2.286969841563748;
2.3449727794409947;
2.366058037075802;
2.3707118318084173;
2.336441002936483;
2.355336043784886;
2.3126195798223;
2.37404090286698;
2.308566878639644;
2.216288566266713;
2.259221111805482;
2.1551021783294804;
2.224835965827869;
2.2034129611762965;
2.377677419558555;
2.2678585273103242;
2.2655414420627618;
2.3663165557180106;
2.2942652821391016;
2.3776415934574624;
2.2713279109743394;
2.2113648422888086;
2.2052171557866127;
2.308214765173556;
2.2704058773677565;
2.192481354313661;
2.2388971518403697;
2.2332748426883375;
2.285837463448179;
2.2917924523187794;
2.313605527335708;
2.254266822289599;
2.2806403965210684;
2.2517562144071004;
2.1664405801152;
2.196087280747489;
2.1611327233580986;
2.2346907674927587;
2.2253756051382907;
2.3375083752398234;
2.2867275724419596;
2.271255823755056;
2.317902013464511;
2.330641183768763;
2.37737378211655;
2.3591707723758297;
2.3251357889469912;
2.371970997080025;
2.283054038435753;
2.3872730435086713;
2.369892874115208;
2.342017708415087;
2.3882858392059676;
2.29709358781573;
2.265892274819913;
2.2914724802388307;
2.3452553777776872;
2.3848710587230073;
2.336495416701752;
2.4507870272757684;
2.1943128466328305;
2.3680476410650346;
2.365903414120497;
2.306799304237833;
2.2565929324554093;
2.279182759134962;
2.2094478976281735;
2.1581069958781254;
2.2152596510662046;
2.139544944431778;
2.243687394096213;
2.384865421876353;
2.388902768417291;
2.3575054660852444;
2.3447246282553373;
2.2832260729079294;
2.3623448666631184;
2.3691064762661793;
2.445955913071901;
2.4007911460938764;
2.3763358742947216;
2.357384534763022;
2.302377837659991;
2.2154708319533145;
2.327391914095889;
2.298900807733278;
2.202360883695604;
2.3572699685520804;
2.401365268350997;
2.3692292202830085;
2.354449095292961;
2.335701950256851;
2.2868150129986096;
2.4905986353869025;
2.3743026773351574;
2.346935078984002;
2.5025459131234737;
2.435471171265791;
2.4196931990519657;
2.3315581788591935;
2.3674887604440733;
2.3210103145788024;
2.356452344098796;
2.3125043465561714;
2.2508176892937546;
2.35303934263642;
2.243520827997443;
2.3360993190225483;
2.335372961380157;
2.3326672514178988;
2.397016288017139;
2.3851785954763214;
2.4143148795060423;
2.332682196720859;
2.3011713213236886;
2.3749692731518808;
2.344324348413964;
2.391767898743291;
2.3378285899406706;
2.3081257394037866;
2.339016538550256;
2.3449276959925687;
2.328658613137015;
2.3849781518642628;
2.403318525305104;
2.407133295526149;
2.36072088399417;
2.3072851534753647;
2.391388237661226;
2.298743927814336;
2.3077356446097594;
2.4094202606672566;
2.395437020148726;
2.4041218397007085;
2.3124674183116163;
2.4086379747099165;
2.5647407053360993;
2.479850362877881;
2.4682874056314272;
2.410404330986601;
2.4101176764687575;
2.3649066574222966;
2.369517926262859;
2.320162627111048;
2.4496501086407654;
2.4725258823388727;
2.4933727269862507;
2.5004133283073147;
2.460843589196989;
2.5579265134670983;
2.4923552878637616;
2.518793443817186;
2.43261894405971;
2.4192542632717298;
2.3428842133890724;
2.3954411498259955;
2.3798225929764425;
2.4380867901020036;
2.412727063973975;
2.4199952125390802;
2.3931341867103675;
2.4798529219608834;
2.467929674047032;
2.4385695530797613;
2.5201314770233676;
2.490592276379948;
2.539724048485127;
2.4969025441881736;
2.5661958718280573;
2.5014260080771034;
2.5826247801177455;
2.5450962463872697;
2.528462959573799;
2.481287272626275;
2.3730857686688247;
2.3842985847015514;
2.2635547907954066;
2.3695218528147852;
2.3534519628101562;
2.3045218025882046;
2.3399993994971977;
2.3320223106723645;
2.227813528161282;
2.217453480224388;
2.2992975771153414;
2.2927487502238657;
2.289793900319007;
2.285631860662758;
2.3694209823515635;
2.3558276330503714;
2.3617126118692404;
2.4301365119125005;
2.324974905371965;
2.30523085406671;
2.4368826712327416;
2.3819447904035336;
2.447695049545593;
2.4294159820156676;
2.3933369081960167;
2.4878649770305348;
2.384173597617558;
2.374263883821497;
2.2902100450453644;
2.388082399479129;
2.384857821602176;
2.4608650302491073;
2.4085926634113966;
2.469931386631661;
2.36800406625156;
2.322570026349511;
2.321654269760996;
2.4346525246869115;
2.4542293574264726;
2.5609670815462167;
2.4216351224502084;
2.3841106567298715;
2.437319030632739;
2.308769848691509;
2.288895758877346;
2.2396401096569876;
2.3393652396640863;
2.23567620674485;
2.2326768116473468;
2.2774664421706023;
2.4768271185945814;
2.4179021100470215;
2.300656008308954;
2.3409021709496725;
2.368823133191369;
2.381972449135565;
2.3893591995674157;
2.1980008163841243;
2.252436142960902;
2.337327061034226;
2.174860906671609;
2.3299582833180694;
2.329791549364754;
2.256694102200505;
2.3745738205541995;
2.4266598476154373;
2.4074400171319157;
2.5023263138368477;
2.491330377517777;
2.321088228947947;
2.376717454723618;
2.3549270670076607;
2.2266711431374056;
2.2154503237844936;
2.3190775440544416;
2.3080197841000976;
2.4191210460681107;
2.3362539562584232;
2.3990420761399127;
2.3864462654449574;
2.424288431740877;
2.3200908159951408;
2.356356068038264;
2.3008076055052737;
2.306256294510294;
2.3152272589488647;
2.341178319295314;
2.3167626358262092;
2.2576468696059964;
2.280379596899283;
2.2163148936745323;
2.169695098266915;
2.1994145704685626;
2.331687601858053;
2.337719025312491;
2.3083307729818556;
2.3571694655300495;
2.3268707985879598;
2.395991506995997;
2.399499838507878;
2.372981714470814;
2.3686770146318374;
2.4168728109502204;
2.3865997454246;
2.445441824831312;
2.539754336889764;
2.501118004469378;
2.494701519781715;
2.521855897218992;
2.5284933508404337;
2.5224271151852764;
2.456094891010335;
2.4404733486759054;
2.407845578275896;
2.4615047959285277;
2.414879805920322;
2.3203821037819394;
2.2777811373305457;
2.311882580487389;
2.315434797906515;
2.4071624497842823;
2.32372228336287;
2.2966120065855304;
2.3579831571442775;
2.2830916875980733;
2.4075226989889003;
2.3791201645028583;
2.387815851035177;
2.392800315620055;
2.419551691392909;
2.3510486620318596;
2.402026752519828;
2.385898197193394;
2.3706575915544352;
2.420761780897172;
2.486321276388725;
2.43827640568663;
2.446150417393885;
2.434283615802803;
2.5592671729207437;
2.497583234768143;
2.4472397635998595;
2.4652972597469893;
2.5041150436197266;
2.4997934231043404;
2.4750567870317974;
2.428643466879078;
2.498023553630445;
2.548574107503425;
2.489351548897398;
2.5042889501426306;
2.430162008029409;
2.4540427505193283;
2.4784076139309903;
2.445921263352968;
2.503902995867449;
2.5385102896744933;
2.40955773609148;
2.449106177912584;
2.4796752416655425;
2.467748965566273;
2.5861984226140295;
2.672120451282906;
2.625229641037551;
2.6183750865576028;
2.6044549961912353;
2.6247515580309084;
2.600727708983674;
2.611568820384384;
2.653121299259507;
2.696605851933675;
2.609459733684527;
2.5580490063872205;
2.575409418861871;
2.5887850653974547;
2.598765093805722;
2.642918081628629;
2.5089874430866024;
2.565488347298865;
2.489210403211751;
2.563733494806264;
2.6120246698954293;
2.5544780972390826;
2.5424235332400227;
2.545633807560435;
2.4821455569945963;
2.4886918541831986;
2.5766526965140097;
2.4948937730986898;
2.6471490009746073;
2.637108207791827;
2.5980427989635446;
2.5893686742243514;
2.6192638626326996;
2.5614196020016946;
2.513130402942053;
2.532671656003662;
2.629798855016373;
2.5452862066222868;
2.547557443677854;
2.5369288788267914;
2.596957474192942;
2.6630406268677755;
2.603371535935426;
2.6202626386260306;
2.6146681356799335;
2.6155158683986337;
2.527735601762181;
2.5624647797944493;
2.61709315004975;
2.6762156215125774;
2.642626340608846;
2.718228163280065;
2.685962023568297;
2.6633427542756087;
2.699961267614178;
2.719467286241654;
2.6335691697890504;
2.6543523130280313;
2.624919470451217;
2.598435596984614;
2.527318349333857;
2.4949184329451812;
2.515803994664643;
2.584901168860151;
2.5960644218574487;
2.562997825871854;
2.6332265502799137;
2.568709046339802;
2.608375396523083;
2.5920618205835457;
2.542832959898469;
2.540613405778233;
2.591660487650083;
2.601548567627834;
2.623556250523658;
2.5952692437034264;
2.6225913314331453;
2.647876135334675;
2.6299731203103955;
2.5319661045367075;
2.5578306922857137;
2.5141383927505108;
2.48324212633375;
2.56175760906396;
2.547097710995906;
2.5556817597373134;
2.5070207377141536;
2.5497479330679877;
2.5536638948673085;
2.561618521102421;
2.5712936629009207;
2.5591954682445803;
2.5022556376153906;
2.5863964519559524;
2.5875799277686453;
2.5958375219192895;
2.4794269240308995;
2.554736197481219;
2.490515801579868;
2.5691761244313884;
2.5612008397193775;
2.588351195284629;
2.5263246875064023;
2.5904893468233725;
2.5471406667052867;
2.5325970006285234;
2.524114953836788;
2.6511454353761312;
2.6349199566173636;
2.654801645594369;
2.6331352974640394;
2.6920180034724734;
2.632629103306822;
2.566033467805698;
2.6506637992884436;
2.638204987644984;
2.595254540677396;
2.6181142480953414;
2.583402507508258;
2.5421409216880653;
2.604010101661725;
2.4532929666387266;
2.46860208182368;
2.5333959152298484;
2.4908907007564665;
2.4517368843986294;
2.4210127770455783;
2.4605966749408408;
2.5372980142912964;
2.535871895265877;
2.493961660623385;
2.5015438699877013;
2.5222832331758434;
2.4994044259089816;
2.5072215432336886;
2.4621996221803166;
2.3753933281562603;
2.365878870591049;
2.416262432851453;
2.361519008999232;
2.5546639160507163;
2.503194007719121;
2.4962259939107603;
2.48112606261161;
2.580045192128643;
2.5799792838351365;
2.515885566977116;
2.515049681071715;
2.5285366162515874;
2.501058312603381;
2.548216567370365;
2.5191330590115006;
2.5677004467745097;
2.405920258847277;
2.458480385945076;
2.5263444036111586;
2.468837728341304;
2.395011799637736;
2.3988736860802504;
