1.4123066868405727;
1.516427708191263;
1.601439751187553;
1.5630034481376014;
1.6204358006581456;
1.7254710157449373;
1.7838738206016262;
1.8004100499703928;
1.745985062629598;
1.848489085240622;
1.837862196877707;
1.8137366679637288;
1.7604587612706817;
1.7032783077229618;
1.7870657544570652;
1.8892107982520179;
1.8197356563358502;
1.8375497131860252;
1.7743320100312454;
1.7585114726014446;
1.7807459140185442;
1.8047759335448377;
1.8567764918829475;
1.8999414949023647;
1.8760922637738284;
1.8584872182800323;
1.8643387651249532;
1.9593016779902392;
1.9723407101426822;
1.9293963544403074;
1.8604783438059154;
1.9122213862979285;
1.9627526304034975;
1.8655663724478588;
1.8651016222224872;
2.0260263447480638;
1.9431994445406562;
1.9570747918262588;
1.9715227060392124;
1.9050008896041801;
1.9890532900295879;
1.9806766001562992;
1.9265969241944971;
1.9365864525906373;
2.0322340177945875;
1.9502934851658473;
1.8686590786795856;
1.921575753123879;
1.977430389058612;
1.961744257609779;
2.019008322899451;
1.9891893906515268;
1.9362007060091804;
1.9628069965205284;
2.01078755078436;
1.9218656971319419;
2.0464015080550713;
2.0476938956754496;
2.0277529195038944;
2.0397893679876318;
2.105172287299122;
2.0856803429094852;
2.1094682266048954;
2.0543837759382115;
2.088404988521128;
2.079029210715316;
2.255016210266501;
2.1813125573327357;
2.18837446197668;
2.184610409850371;
2.1622546500330384;
2.1179403474762815;
1.9773253177484507;
1.8813646003186875;
2.0257847358642573;
2.0458693369863274;
2.024729933600389;
2.0833307240244396;
2.121355123332697;
2.174975009877037;
2.054143355045584;
2.077484074561103;
2.157238062610133;
2.0819505873170736;
2.1327687839958536;
2.0845061142142978;
2.148855687845188;
2.126692915579686;
2.1036868311172694;
2.019550942830507;
2.0749125887179893;
2.106190445119727;
2.063684533928231;
2.0424852709211407;
2.1304232784239887;
2.1184978168227357;
1.997850128396704;
2.1555943772739123;
2.1992324662351654;
2.10884512378444;
2.0742660403237454;
2.071179074214824;
2.0204565496348708;
1.9895935950408545;
2.0701685069257554;
2.1554328668953975;
2.1472185501915084;
2.0611986822284813;
1.9437080423849216;
2.056264025215806;
1.9704469474703132;
2.0118123739726728;
2.0499832234809943;
2.0099501886715694;
2.053341630047541;
1.8675880620962133;
1.949404982408046;
2.006132026310438;
2.081166833326611;
2.0559346384620816;
2.1327141774280536;
2.0557537946620883;
2.125590500762706;
2.14170240261947;
2.1792708044643088;
2.190681231882096;
2.213018777041708;
2.1276595829552396;
2.0798449783843864;
2.099559120042617;
2.073943497134291;
2.065061032214486;
2.1016586967897166;
2.0797465626095653;
2.0483597438418992;
2.0902760699373717;
2.1704752352262497;
2.153804836815069;
2.1946869456429487;
2.059080615609603;
2.093863387064701;
2.071410240768949;
2.1504081892089566;
2.1756437677010836;
2.2488143116709365;
2.160698779007898;
2.150980941415554;
2.1860289946655307;
2.179025311643002;
2.0958119950111267;
2.1136013889292826;
2.111372293031363;
2.0973350668807487;
2.0261782231788747;
2.034363066472944;
2.136978922147432;
2.101656062023068;
1.9924617676253589;
2.060540679305853;
2.1908903186100392;
2.1492185362863796;
2.136310798625904;
2.168298580681865;
2.159442921222277;
2.1617713879845133;
2.194609091571749;
2.188328083898934;
2.3320040387802923;
2.347893504629217;
2.308833177824541;
2.290156909698066;
2.3947990470029272;
2.351809616258758;
2.325871924980814;
2.44935033722681;
2.3354665089754976;
2.365233015526562;
2.335064938556942;
2.269612970566966;
2.139684588023806;
2.2732209458609076;
2.2987868320394265;
2.3790488048292358;
2.3080536758204633;
2.1983389153052517;
2.1731025357221405;
2.248864211377649;
2.227051570747079;
2.3806143717681643;
2.34468652046269;
2.331725130868154;
2.452351455169562;
2.369175703154326;
2.171455327173178;
2.2114314215143747;
2.2467415251047385;
2.2398326062569267;
2.2335657677751546;
2.2784967851633624;
2.273125207044007;
2.2761420523786353;
2.3028712513324656;
2.2287585503945766;
2.221018538975981;
2.247015141932475;
2.304336528752302;
2.40892130166895;
2.4478253917875645;
2.4953070445214713;
2.4482288956008795;
2.4173615108499678;
2.379161088668845;
2.349896155050465;
2.453718238171954;
2.400718863831682;
2.4098194536156012;
2.313184087178081;
2.326898623966902;
2.297788619185109;
2.283681734693249;
2.2502305856215172;
2.311298682082485;
2.2932113478414413;
2.3782872887931057;
2.3807420726546096;
2.420775716141769;
2.3508974572383154;
2.3601133165093904;
2.333433064785824;
2.3505465861730026;
2.3328783881410087;
2.3675976355720265;
2.327550572448273;
2.3412983331099393;
2.3567018278996676;
2.4235594763699706;
2.264473210892508;
2.381498907501017;
2.394277229810347;
2.4426102618945826;
2.3493839681789352;
2.3539737269694534;
2.4435596425894826;
2.481636776482854;
2.507159437922038;
2.366507376579977;
2.473559634789833;
2.4929033706956325;
2.373986720300179;
2.416307992931112;
2.441385922512031;
2.4125645487734566;
2.4102257485929237;
2.46300256608141;
2.397437622994885;
2.3928469224309397;
2.402860734798024;
2.409097220099956;
2.47473140897766;
2.4299862679348685;
2.3399072109340144;
2.25347130766326;
2.147915259283468;
2.3920800418866217;
2.4374208887071758;
2.412185731540049;
2.388036914871092;
2.3442581779672813;
2.3773825718812405;
2.4677104837903157;
2.4122860842709506;
2.416775693408966;
2.306411098384203;
2.413342201346881;
2.450107553289433;
2.4146350596625528;
2.454610400424367;
2.5021397932711524;
2.4198081866947097;
2.3196605902923326;
2.4750976689398643;
2.4894158535446276;
2.462506118225693;
2.516731619835677;
2.5071811497017897;
2.439361692176182;
2.5460138025329857;
2.3854535836881254;
2.4136126809955805;
2.401186735993402;
2.3444648746402534;
2.486565456276901;
2.4468676246983843;
2.4495085050406478;
2.4194838293238687;
2.3188430285828034;
2.4001571415813063;
2.392044680352047;
2.432211533260898;
2.475239239272226;
2.4159771674370516;
2.421548432332708;
2.45730908120414;
2.46984164023865;
2.4392881415266974;
2.2280341080431585;
2.3064040715331595;
2.255591839902376;
2.406479031456132;
2.23754412801443;
2.3116559133284875;
2.5110028488926672;
2.3865106292752274;
2.349804652869933;
2.2612732377834472;
2.2092287713443137;
2.395428436946491;
2.327348717452498;
2.588670377444918;
2.5029593513794635;
2.36451124659046;
2.3480832511044523;
2.2335953408569744;
2.1648710417198855;
2.3482224369769837;
2.335575804348699;
2.2805524222277076;
2.1572185694547237;
2.240569301935016;
2.2482451598688566;
2.1984212460130124;
2.2250879018688274;
2.242721322864357;
2.2597419897157835;
2.112375751804274;
2.2577747072168246;
2.1955474236022705;
2.3802211439307763;
2.344031891266483;
2.3522978965103984;
2.402174011961968;
2.41602804887656;
2.3831653360101575;
2.2680066097954517;
2.2711155109779035;
2.3689104333762234;
2.360198431638121;
2.2907881578636613;
2.315183500965257;
2.356826301745729;
2.4215346840237526;
2.3966971218160564;
2.4147618383648766;
2.26829174524979;
2.2822394463709137;
2.2947197129634778;
2.3880821332021873;
2.3925586404839225;
2.3743180713555176;
2.4078766812224512;
2.2528115582790953;
2.2445544917719387;
2.3902953969039573;
2.3693225069173174;
2.4655827963439116;
2.3542487478782466;
2.3510133373467097;
2.3297723882307624;
2.348342427684947;
2.316133797100508;
2.401601721303267;
2.402794713092988;
2.3997526288281925;
2.4206640056966666;
2.334402691332415;
2.334329250730411;
2.3710060780917366;
2.3984720368076875;
2.3863995621572536;
2.3742359459185747;
2.3705914680585587;
2.3401763884613724;
2.2768042259876164;
2.3101765815287125;
2.297710189544994;
2.3618188002084537;
2.388984518563309;
2.4961671156695746;
2.4860254102367474;
2.4231072725364506;
2.3391405396953253;
2.352181331268332;
2.4595758602707622;
2.51527338385228;
2.549621468346552;
2.441810783018883;
2.553432770566452;
2.4400255344442607;
2.4280553458100185;
2.4442511835797753;
2.425706184628192;
2.4404613090221092;
2.467086783109731;
2.520698023578021;
2.420144442019834;
2.3815858364886324;
2.3109135097889215;
2.2803313040731736;
2.3310269480721435;
2.353291509732785;
2.267138669060648;
2.3251231744767478;
2.3805935982999706;
2.450520313244336;
2.359594175429798;
2.3793880853867444;
2.3440305120890437;
2.507517432024285;
2.5279401123810503;
2.518966445135377;
2.5402002053747132;
2.478497247639585;
2.4208654844500854;
2.4707119077871087;
2.4407089088095355;
2.4045170938506666;
2.4727812283283916;
2.509226870206194;
2.464318864182075;
2.4637039019953555;
2.4245517186338033;
2.4625692413433664;
2.466136768524573;
2.5124881339859435;
2.466734956127546;
2.572187926195892;
2.367815433221522;
2.4300118397914003;
2.4611699331061274;
2.4182339555964507;
2.360001202232506;
2.360881121277943;
2.38024852127555;
2.394318111788602;
2.3851693790469675;
2.3465153047734986;
2.461094345383263;
2.4093795706364176;
2.366710616969089;
2.3600880696470035;
2.3849502385314643;
2.3517202400080786;
2.4158646157324632;
2.3753573593037154;
2.3233275709373;
2.384994349454833;
2.439012407962239;
2.566979327567783;
2.5546838456059553;
2.5563033925252734;
2.5084300468772187;
2.43439707998482;
2.3644672214775717;
2.4318198022357667;
2.2691319158352448;
2.3397987637671815;
2.429281570874627;
2.3616713950051214;
2.427915995220619;
2.3739179343115846;
2.4602613099614974;
2.376364939442484;
2.3322411635103495;
2.3504987724139017;
2.333973936962112;
2.4270954624029013;
2.4926607244539487;
2.4107634764048904;
2.4869919273465304;
2.428097814357381;
2.40173105424787;
2.3291836081106116;
2.3877982266159905;
2.4616852545463312;
2.488111673741711;
2.584503119714974;
2.466857394791738;
2.446617004956875;
2.5453292315231537;
2.4758114983485493;
2.551699414548346;
2.6367012719906096;
2.5489065267839286;
2.5735408847603414;
2.4808199494112695;
2.448424976391326;
2.378556393080007;
2.4481977753442896;
2.4305296774510925;
2.425032443286957;
2.5529573818639104;
2.6222465638517996;
2.5761733513527942;
2.4568349208537925;
2.6273672328334876;
2.576880624859373;
2.538670423002337;
2.585682020485951;
2.6329045173681367;
2.581291913625961;
2.5643154481369073;
2.5834306775134785;
2.4950428400461018;
2.4436624782066905;
2.3946636572615945;
2.462207283854386;
2.446041883081933;
2.5363035754054652;
2.5172460771199896;
2.3658552466505327;
2.3032833988924515;
2.3491027868917005;
2.3084729962643635;
2.552814162230497;
2.483800757763077;
2.6512114968280294;
2.5037064839586916;
2.511848906158087;
2.482126816121087;
2.6025537818528126;
2.4758445979830794;
2.512497463483572;
2.553326287798886;
2.5259517276470236;
2.5576147413446337;
2.6555010232203857;
2.5840813997767107;
2.574452711051376;
2.5288630246342834;
2.6171920405148477;
2.6153058576540538;
2.616497800039456;
2.569581512691521;
2.6308100988988214;
2.6876772452491346;
2.5881145827264773;
2.654589918890114;
2.587525016465365;
2.606118605315276;
2.6193760989684036;
2.6582770512384326;
2.6351660661763945;
2.509032213005591;
2.4562131476287234;
2.631659832051501;
2.5397301414464515;
2.61583701884789;
2.621382925288375;
2.5283249311292075;
2.5927969003333784;
2.5357387696662785;
2.5392318848490847;
2.603659553576583;
2.6735303842245615;
2.6685417969487366;
2.652440678059501;
2.731607090946938;
2.6092716265269496;
2.591389092500356;
2.6511489835574618;
2.5760731168845354;
2.625045956548768;
2.560859815159228;
2.5857689143467923;
2.5556687757895604;
2.4802795071003088;
2.6147733028561677;
2.5279216721118756;
2.583872727237945;
2.5688177858327546;
2.544947902553831;
2.608758282877373;
2.6122147291177633;
2.515778733066794;
2.556641597671009;
2.5485996572725838;
2.6673037450519836;
2.6241526280717364;
2.5999262848736024;
2.648937764676673;
2.5630963045117126;
2.542736283751531;
2.480215689393654;
2.4831776905213583;
2.461960026198223;
2.541790078405599;
2.391323702391945;
2.491643537797695;
2.4251656105517485;
2.4298999427999064;
2.4816790282942134;
2.483324919071135;
2.507007415129215;
2.5694785085567173;
2.516125262306817;
2.5853016951669807;
2.639195514881293;
2.5114487066336175;
2.4700223480380576;
2.507362748290218;
2.483865065235178;
2.456534598931451;
2.6131841837421996;
2.4891467032600114;
2.6161850341106407;
2.6197962832033603;
2.633221670965046;
2.5869961448569234;
2.57013794752371;
2.700562021974306;
2.5937804687103836;
2.6019210963125174;
2.688211850352991;
2.6719313200816646;
2.642816024215374;
2.556657181092965;
2.628742978701447;
2.6969543463520673;
2.642203620129353;
2.7392522676562456;
2.5907312295699634;
2.5824155517043947;
2.5014299943702243;
2.5191630183688836;
2.4938627125615684;
2.501425946748299;
2.4612886901361444;
2.5946009655541706;
2.502863818544468;
2.4678699049539863;
2.5594306561368554;
2.455707644026121;
2.4994574023436913;
2.4686423841888914;
2.448442495828069;
2.494678834169586;
2.5463030579404053;
2.5713887674773543;
2.424933293167951;
2.394942212577132;
2.389807192434344;
2.3823572768342625;
2.3729901777953972;
2.329480405352705;
2.413077800000487;
2.4324372138219257;
2.3525369547722894;
2.38487852491483;
2.3691587456262946;
2.299440023334944;
2.300943513075742;
2.350794863392653;
2.337191951143448;
2.339099085007719;
2.4467053519067146;
2.4303687527773445;
2.4844637419076254;
2.598579611449261;
2.519742929305232;
2.467585669143327;
2.486055493728714;
2.5018514633881193;
2.3266872685888647;
2.4658845574329713;
2.376343085138223;
2.2416482941351275;
2.2193501877830797;
2.2597719778243097;
2.3024584925638725;
2.4181653706419333;
2.4206693299573963;
2.4132581724051483;
2.3277867277761963;
2.4059304800847063;
2.4260849167147267;
2.398066001700664;
2.3380377629565348;
2.263335078316773;
2.2787219810297645;
2.214888008136579;
2.2301530866717467;
2.3020638224281855;
2.2581205918795466;
2.3161003943211935;
2.2534755940596805;
2.3934318225050712;
2.304627296577219;
2.3039313311533904;
2.283390426359054;
2.2022535047720417;
2.3257042332160376;
2.3663413049856783;
2.268277858246364;
2.332535728874043;
2.283464155039247;
2.292114304617027;
2.3788602908797376;
2.3130282204438757;
2.3556269287375033;
2.3344797327246214;
2.4578729936136283;
2.442956858757047;
2.441135444462066;
2.329637030050832;
2.373492496604938;
2.3103767547442073;
2.2848385417534134;
2.2374834858423434;
2.27186956277337;
2.310105117474327;
2.29186378943986;
2.2034648079644663;
2.2831881220801864;
2.2717772636780107;
2.212409650020797;
2.2508230603674786;
2.228644374589645;
2.2264886685396807;
2.292897320575713;
2.259455833275507;
2.3111392332149068;
2.1743184442984855;
2.182981275519932;
2.221655868052214;
2.1443122467492888;
2.111981313344953;
2.2128782507689153;
2.2425584559300558;
2.170959123464027;
2.1793060879837545;
2.1804032208773605;
2.262737398358265;
2.195923899639407;
2.2192925717777774;
2.2420695292453052;
2.2041981008613294;
2.2894143614929776;
2.196867566833208;
2.3163111204523164;
2.1109423145558797;
2.261511107218436;
2.295101614485363;
2.2823932190962326;
2.333421841090586;
2.239081269175099;
2.3182686188413393;
2.248023874042066;
2.224411905331673;
2.253594044893879;
2.186625783784091;
2.1992614525513634;
2.2491098561577165;
2.2429092030959636;
2.2863039150726028;
2.2527953351203727;
2.2488843461857857;
2.278098615871301;
2.2252030502824587;
2.2878168985558727;
2.3093254077301664;
2.339816365089054;
2.216337144589492;
2.3290927603595355;
2.3394386609714526;
2.3667103912647103;
2.2888744803539374;
2.2794192116219456;
2.353971262635539;
2.3628238013016643;
2.259561941745995;
2.2606540171914125;
2.3035163790326414;
2.222545070053029;
2.1471424821177187;
2.2610879995403286;
2.238855902714178;
2.2488354094196352;
2.22445531620751;
2.1976275958246716;
2.283257738755587;
2.259958396982197;
2.218296531155292;
2.158504493315054;
2.175201436361159;
2.200004901924568;
2.2618796896719666;
2.1658241016706707;
2.3032976916956582;
2.201878855585723;
2.15218073314748;
2.1360250819177082;
2.2160739991250673;
2.248334908136816;
2.2443757081969324;
2.169983994715928;
2.2469117304798965;
2.2709162728903314;
2.236903923784962;
2.4041364263367293;
2.275368668913078;
2.131842411986898;
2.224703783880056;
2.2270016471068796;
2.1732598927976317;
2.2082297182914026;
2.2343738181495745;
2.1470477111555284;
2.168123795695358;
2.227983194581443;
2.215063383642207;
2.2739019871209036;
2.246258733860892;
2.182294420262402;
2.138768581050294;
2.2049041080700356;
2.2632159258839284;
2.196978160050866;
2.2315573528800106;
2.243314658315841;
2.19588543096747;
2.2191320459468433;
2.3254660154794298;
2.1182388983155036;
2.199337451645724;
2.251126263738858;
2.20269527572173;
2.287112561066805;
2.328701653630942;
2.286739794861213;
2.269948109249577;
2.3354719362544647;
2.274979155882446;
2.228919698844611;
2.1652757609548;
2.1859756437900786;
2.1608903145673923;
2.176167228532061;
2.196563332008492;
2.1867521535794334;
2.1992928204317894;
2.2716780288373295;
2.349514248322293;
2.229206356104164;
2.168517704431687;
2.219872286791584;
2.166793341782961;
2.2040889182928116;
2.1698375905345513;
2.1599922168223977;
2.3001606281480313;
2.2368764329558823;
2.143090254663609;
2.2201042545545664;
2.1976737718532475;
2.22517506978253;
2.162727450608241;
2.1455517503809767;
2.1238585082863315;
2.1842317083325002;
2.1583308275303463;
2.2268948286883017;
2.2583841204694375;
2.235221314696848;
2.2761603508405;
2.3218984966771345;
2.3134483607943683;
2.4113792087564145;
2.314462370123161;
2.257090579332215;
2.249295957733976;
2.251488233052683;
2.3301052346288578;
2.236912006361596;
2.2771218181728057;
2.2097805573534104;
2.1942217842111122;
2.1856195723889535;
2.2426527893762533;
2.179825761597542;
2.139538519225823;
2.1063788109770187;
2.129920079441519;
2.161602426710372;
2.29996224519651;
2.305342843434613;
2.223357935028549;
2.313445906530695;
2.2652738798348753;
2.3198834387709675;
2.2795304049205374;
2.1960281887050517;
2.191288105456999;
2.2789531181930482;
2.257494477925176;
2.1455066248179704;
2.2326596472355758;
2.3029404204630826;
2.210948827598846;
2.136398352308862;
2.3465297377436514;
2.233722813760433;
2.1577059054809977;
2.30340002759008;
2.347649948893167;
2.2498703945518903;
2.266169645127066;
2.319239902923131;
2.284444692791349;
2.286337783584917;
2.257522249656816;
2.3557852372798824;
2.3737130118405583;
2.3341364735762817;
2.3116975568271196;
2.4514655842645214;
2.3669956300845993;
2.431867716969931;
2.3702007963604546;
2.350751454174525;
2.3926579326825155;
2.2994301036323295;
2.33206866099047;
2.2859823411728737;
2.367417366072945;
2.431246280449147;
2.4582475297710604;
2.3862129737687865;
2.350115416751121;
2.4937422216716905;
2.5328910609766213;
2.4744945060939103;
2.607004128148928;
2.5302436842985934;
2.4839365790775725;
2.529037784829428;
2.538605918184666;
2.5686796107345415;
2.638171826264809;
2.4424752343201273;
2.491327225589721;
2.6063602603800278;
2.5471185022171197;
2.6351945508808825;
2.4947016619289295;
2.4072986183303664;
2.5038572116677846;
2.545359707372443;
2.461237101570078;
2.399255954350012;
2.617888287026514;
2.5555489176206754;
2.568119339543649;
2.524442932045153;
2.537001451628283;
2.539944692782776;
2.577134142829449;
2.6490937258797365;
2.563361178382806;
2.524030568969467;
2.5925629744287413;
2.4228267394877276;
2.4291632628612274;
2.3435628755066347;
2.3479762949671867;
2.4898913718926083;
2.4709958833904517;
2.4658632833029404;
2.5233125957927762;
2.566931463161486;
2.497391580901292;
2.5780338399896947;
2.491172088121163;
2.5278147479794244;
2.4815632256521005;
2.5482895972508883;
2.5266027910405326;
2.593737872407782;
2.600886021923197;
2.6721998475771467;
2.576907667986614;
2.5491080944032762;
2.5644531850609167;
2.5803646731441154;
2.623481590990617;
2.584470461960349;
2.54624470800304;
2.5221288923264247;
2.572096729841282;
2.62448438810603;
2.574350002285449;
