# Convention: X_sup = (X_orig + 1t')R ,
# where the X structures are Kx3 row x col matrices (of K atoms),
# R is an orthogonal 3x3 rotation matrix,
# t is a 3x1 translation column vector, and
# 1 is a Kx1 column vector of ones, such that
# 1t' is a Kx3 matrix of identical rows, in which
# each row is the row vector t'.

# Translation vectors
MODEL    1 t:   40.4344   -9.0565   54.0551
MODEL    2 t:   40.1722   -8.9686   54.0758
MODEL    3 t:   40.1236   -8.9039   54.2854
MODEL    4 t:   40.3404   -8.8954   54.0946
MODEL    5 t:   40.2401   -9.0381   54.1174
MODEL    6 t:   40.2612   -8.9971   54.1857
MODEL    7 t:   40.2250   -9.0228   54.0172
MODEL    8 t:   40.2738   -9.0464   54.1921
MODEL    9 t:   40.2425   -9.1057   54.1628
MODEL   10 t:   40.3200   -8.9637   54.0322
MODEL   11 t:   40.5697   -9.0147   53.9963
MODEL   12 t:   40.3858   -8.6781   54.2439
MODEL   13 t:   40.3413   -8.8961   54.1093
MODEL   14 t:   40.3312   -8.9562   54.1415
MODEL   15 t:   40.4001   -8.9593   54.1083
MODEL   16 t:   40.3026   -9.0461   54.0590
MODEL   17 t:   40.2709   -9.0436   53.9614
MODEL   18 t:   40.3529   -8.6650   54.0181
MODEL   19 t:   40.3847   -8.7182   54.0558
MODEL   20 t:   40.2980   -9.1206   54.0287

# Rotation matrices
MODEL    1 R:  0.7588406  0.6512389 -0.0069835    -0.6034773  0.6990746 -0.3835490    -0.2449000  0.2952670  0.9234941    
MODEL    2 R:  0.7628528  0.6460471 -0.0260534    -0.6024942  0.6956474 -0.3912484    -0.2346409  0.3141620  0.9199162    
MODEL    3 R:  0.7605142  0.6483588 -0.0353412    -0.6090573  0.6934299 -0.3849730    -0.2250940  0.3143023  0.9222509    
MODEL    4 R:  0.7653541  0.6432423 -0.0217355    -0.5983190  0.6986463 -0.3923107    -0.2371654  0.3132613  0.9195759    
MODEL    5 R:  0.7605003  0.6491309 -0.0163840    -0.6037879  0.6976439 -0.3856593    -0.2389132  0.3031865  0.9224958    
MODEL    6 R:  0.7597866  0.6497548 -0.0233041    -0.6054342  0.6939850 -0.3896592    -0.2370102  0.3101669  0.9206643    
MODEL    7 R:  0.7654870  0.6434290 -0.0053686    -0.5969150  0.7069846 -0.3792956    -0.2402543  0.2935505  0.9252600    
MODEL    8 R:  0.7639019  0.6447273 -0.0279392    -0.6015304  0.6957059 -0.3926252    -0.2336987  0.3167334  0.9192741    
MODEL    9 R:  0.7607779  0.6484162 -0.0278104    -0.6034055  0.6908882 -0.3982151    -0.2389952  0.3197342  0.9168704    
MODEL   10 R:  0.7662384  0.6425132 -0.0074492    -0.5947975  0.7048530 -0.3865206    -0.2430939  0.3005977  0.9222507    
MODEL   11 R:  0.7622519  0.6469703 -0.0200377    -0.6004304  0.6951781 -0.3952351    -0.2417756  0.3132999  0.9183614    
MODEL   12 R:  0.7523975  0.6585471 -0.0146190    -0.6109204  0.6893405 -0.3893404    -0.2463215  0.3018698  0.9209779    
MODEL   13 R:  0.7526525  0.6583350 -0.0104510    -0.6119268  0.6935607 -0.3801567    -0.2430220  0.2925212  0.9248630    
MODEL   14 R:  0.7677690  0.6404796 -0.0177931    -0.5957309  0.7033530 -0.3878135    -0.2358718  0.3083511  0.9215661    
MODEL   15 R:  0.7669088  0.6415213 -0.0173576    -0.5955920  0.7014089 -0.3915300    -0.2390001  0.3106059  0.9200016    
MODEL   16 R:  0.7565983  0.6536957 -0.0155221    -0.6062846  0.6924375 -0.3910872    -0.2449039  0.3053068  0.9202227    
MODEL   17 R:  0.7547740  0.6557519 -0.0174842    -0.6088200  0.6903335 -0.3908682    -0.2442427  0.3056618  0.9202806    
MODEL   18 R:  0.7241721  0.6895935 -0.0059728    -0.6322668  0.6604629 -0.4050030    -0.2753426  0.2970683  0.9142958    
MODEL   19 R:  0.7377699  0.6750333 -0.0050617    -0.6210634  0.6758077 -0.3969435    -0.2645293  0.2959966  0.9178291    
MODEL   20 R:  0.7535760  0.6571811 -0.0153664    -0.6076059  0.6874272 -0.3978177    -0.2508750  0.3091226  0.9173358    

# Rotations, angle-axis representation
MODEL    1 Angle:  0.8083333  Axis:  0.4693551  0.1645031 -0.8675509
MODEL    2 Angle:  0.8104006  Axis:  0.4867831  0.1439401 -0.8615819
MODEL    3 Angle:  0.8119324  Axis:  0.4818479  0.1307525 -0.8664447
MODEL    4 Angle:  0.8068339  Axis:  0.4885553  0.1491689 -0.8596874
MODEL    5 Angle:  0.8088651  Axis:  0.4760482  0.1537857 -0.8658684
MODEL    6 Angle:  0.8131439  Axis:  0.4816744  0.1470891 -0.8639181
MODEL    7 Angle:  0.7969858  Axis:  0.4703555  0.1641976 -0.8670668
MODEL    8 Angle:  0.8100794  Axis:  0.4896573  0.1420320 -0.8602689
MODEL    9 Angle:  0.8171965  Axis:  0.4922651  0.1447998 -0.8583170
MODEL   10 Angle:  0.8000497  Axis:  0.4789010  0.1642373 -0.8623688
MODEL   11 Angle:  0.8122105  Axis:  0.4880998  0.1527521 -0.8593168
MODEL   12 Angle:  0.8211800  Axis:  0.4721701  0.1582775 -0.8671814
MODEL   13 Angle:  0.8154537  Axis:  0.4619807  0.1597248 -0.8723886
MODEL   14 Angle:  0.8005054  Axis:  0.4849914  0.1519272 -0.8612209
MODEL   15 Angle:  0.8035445  Axis:  0.4877156  0.1539566 -0.8593200
MODEL   16 Angle:  0.8167013  Axis:  0.4777076  0.1573498 -0.8643127
MODEL   17 Angle:  0.8193531  Axis:  0.4766155  0.1551643 -0.8653102
MODEL   18 Angle:  0.8639151  Axis:  0.4616514  0.1771258 -0.8691976
MODEL   19 Angle:  0.8423603  Axis:  0.4643023  0.1738554 -0.8684455
MODEL   20 Angle:  0.8241658  Axis:  0.4815792  0.1604323 -0.8615933

# Mean
LM     1 M:    16.010866038367    12.401510942876     5.788017465504
LM     2 M:    14.463555738156    12.164620334113     7.182296893089
LM     3 M:    12.692697691310    11.912151757162    10.144513086347
LM     4 M:    10.948749502229    10.909409674988    12.723426213854
LM     5 M:     7.894594703874    10.185434660160    12.953733207533
LM     6 M:     5.843540691861     7.794194717894    13.300849448710
LM     7 M:     4.936492843504     4.903917406990    12.793582231790
LM     8 M:     4.547729451030     1.813270919039    12.412710241640
LM     9 M:     2.964599819059    -0.540452931149    12.346420333299
LM    10 M:     1.858719801870    -3.730941517646    11.030256591347
LM    11 M:    -1.551680014685    -4.449813584620    12.034200594432
LM    12 M:    -4.595899949910    -5.835228742568    10.582832720442
LM    13 M:    -7.585910374785    -4.104255963411    11.870281791279
LM    14 M:   -10.993058405743    -3.870329968573    10.896480875076
LM    15 M:   -13.770293647742    -2.467434755181    12.280294445302
LM    16 M:   -16.861669587798    -1.939652818665    10.719121653596
LM    17 M:   -15.572865018968    -2.180638800235     7.341100110355
LM    18 M:   -14.120494848205    -5.273488319997     6.749241507449
LM    19 M:   -11.310357237368    -5.170613250960     4.387673446382
LM    20 M:    -8.423753762651    -7.040894020727     3.913152760748
LM    21 M:    -6.289730477852    -6.471586908414     1.050425035058
LM    22 M:    -4.895496760787    -9.501129342606    -0.498511360350
LM    23 M:    -3.941057726522   -10.379204895209    -3.866622754271
LM    24 M:    -2.366801449717   -13.568442576675    -4.980820969349
LM    25 M:    -0.728168773180   -12.531942090038    -8.070005259320
LM    26 M:     2.225530923112   -13.300942584320   -10.017145043592
LM    27 M:     2.029269702909   -10.761661663182   -12.506541093043
LM    28 M:     4.243658888993   -10.120365620830   -15.143798197947
LM    29 M:     3.383562354502    -7.666095021887   -16.978207268813
LM    30 M:     5.357961354215    -5.599672049045   -18.176306655746
LM    31 M:     6.879022131127    -3.942784355740   -17.686916623901
LM    32 M:     5.877830936406    -4.685096266239   -14.477498138219
LM    33 M:     6.653076087622    -7.618805841263   -12.701566526240
LM    34 M:     4.999234170391    -7.975682116536    -9.421604447777
LM    35 M:     4.941753416598   -10.718402201016    -6.928689578883
LM    36 M:     2.913914893528   -11.344807414980    -3.781913995016
LM    37 M:     4.317364439532   -13.566319156772    -1.098102590603
LM    38 M:     1.841634487199   -15.065052124053     1.161041051049
LM    39 M:     3.144212859176   -15.798740426997     4.350073489952
LM    40 M:     3.186455556901   -12.540013849310     5.466784549313
LM    41 M:     2.008164284464   -10.244847514440     3.156072640149
LM    42 M:     4.927110818867    -9.138337358159     1.251626508739
LM    43 M:     4.589977661957    -7.556497324317    -2.164666937538
LM    44 M:     7.726216448145    -7.341941524818    -4.225644999547
LM    45 M:     7.765131998221    -5.059357732077    -7.165536779192
LM    46 M:     9.529642261780    -3.781344497793   -10.160072766918
LM    47 M:     7.960991436916    -0.694679687966   -11.274276230715
LM    48 M:     7.366574550233     0.590035894635   -14.391983699451
LM    49 M:     3.940373260403     0.710394642083   -13.529023882560
LM    50 M:     2.053703349809    -1.254368261299   -11.341315401840
LM    51 M:     1.785391006591    -3.371154464402    -8.413923709600
LM    52 M:    -1.596117625984    -4.600626483802    -7.963212557216
LM    53 M:    -3.423323460606    -4.672341914321    -4.657322945188
LM    54 M:    -6.726809243720    -6.470145248467    -4.599054490549
LM    55 M:    -9.048215195805    -5.013221131822    -2.174212665939
LM    56 M:   -11.605333921440    -7.081431965019    -0.559414544693
LM    57 M:   -14.352600249777    -5.139172996552     0.927838211871
LM    58 M:   -16.647296930262    -7.057820025796     3.046582093128
LM    59 M:   -19.771074635116    -5.988187863309     4.594572037164
LM    60 M:   -19.325975629162    -2.572933542236     4.121590599953
LM    61 M:   -21.079229219836     0.266179314612     4.192130531264
LM    62 M:   -19.646936290553     3.018270877102     2.868948795023
LM    63 M:   -20.530428715490     6.168062482202     3.182443316845
LM    64 M:   -18.048511682811     8.255840041717     1.649118407811
LM    65 M:   -14.924701880087     6.509780192767     1.843488166660
LM    66 M:   -11.440218123850     7.271309500086     1.061264874692
LM    67 M:    -8.954584192206     4.459368541273     0.740359709983
LM    68 M:    -5.478927380158     5.381955876501     1.674313676839
LM    69 M:    -2.001342246314     4.101173941107     1.396141758766
LM    70 M:     0.676630701447     5.339861799825     3.769108898293
LM    71 M:     4.248598490376     4.413688960094     3.269586361160
LM    72 M:     6.444936131146     3.852130819592     6.271204258962
LM    73 M:    10.125094581925     3.267965657294     5.795707475172
LM    74 M:    11.729775429767     1.024471486440     8.259551494355
LM    75 M:    15.370667330749     1.286706943229     8.824314084769
LM    76 M:    16.641336623599    -0.551135022198    11.594879819301
LM    77 M:    18.509455316865     1.626488511287    13.138972288319
LM    78 M:    16.161904033250     4.237195756659    12.678947173781
LM    79 M:    12.950451458371     3.180666513255    13.668631930273
LM    80 M:    10.914607462989     5.283751692769    12.014176790984
LM    81 M:    11.178830652148     7.285165860667     9.138715972633
LM    82 M:     8.613137674222     8.296630869433     6.994639984212
LM    83 M:     8.770593636586     8.203322057463     3.488049840703
LM    84 M:    10.081528031122     7.181525004089     0.429777189461
LM    85 M:    12.394527547243     8.773188717206    -1.742070211654
LM    86 M:    13.823744573716     7.586127702050    -4.741431388227
LM    87 M:    15.447698765826     8.690968110340    -7.575385832104
LM    88 M:    13.935538661945     7.811219631757   -10.820717645474
LM    89 M:    10.997077108248     8.682447548826    -9.034507531953
LM    90 M:    11.699669803428    12.065323097800    -8.109155453021
LM    91 M:    12.286770710633    12.467393919611   -11.638043711341
LM    92 M:     9.028737728517    11.024009510429   -12.374439401459
LM    93 M:     8.430484879356     8.006054963478   -14.172136938113
LM    94 M:     4.965235897094     7.630200859286   -14.610500602734
LM    95 M:     2.959434062189    10.405720401475   -13.630314394664
LM    96 M:     0.192644306641    10.370114861111   -13.158058055036
LM    97 M:    -1.301706650285    12.860596551645   -11.653916041237
LM    98 M:    -0.921221177743    14.734397951902    -9.523225495515
LM    99 M:     0.194598745153    17.221691964427    -8.525911549661
LM   100 M:     2.452492566618    16.386009894147    -6.706393356367
LM   101 M:     4.932340276941    16.475781889951    -5.713192928276
LM   102 M:     6.513701349773    13.518912694752    -4.776223547127
LM   103 M:     5.525470600011    10.316607014415    -6.114089253737
LM   104 M:     5.936227952909     7.745262201857    -3.496454092423
LM   105 M:     3.020524610730     5.366618912150    -3.416515003759
LM   106 M:     0.935984369918     6.526426046929    -6.331450533418
LM   107 M:    -2.324930801956     4.792824150150    -6.430253943047
LM   108 M:    -3.580888994374     4.409304582837    -9.921092073836
LM   109 M:    -6.577336844413     3.892354612618   -12.038908504858
LM   110 M:    -9.070582347746     2.387413980629   -12.058982431745
LM   111 M:    -9.298902340817     4.625702578814    -9.376992313515
LM   112 M:    -9.030578986599     7.607924840087    -8.619126252910
LM   113 M:    -5.969512332761     8.832797684622    -7.048133836895
LM   114 M:    -5.153015766593    11.674544368467    -4.826478622762
LM   115 M:    -1.868858874017    12.396805898986    -3.134263688537
LM   116 M:    -2.163349149018    14.084228649292     0.177474095958
LM   117 M:     0.996521743267    15.279642821360     1.677207507444
LM   118 M:     1.509302453001    16.283978050320     5.056727745311
LM   119 M:     4.791681307238    17.594486522894     5.003153079700
LM   120 M:     5.667805433366    18.803839861038     8.257894899160
LM   121 M:     6.580210329050    15.853720812172     8.721266926306
LM   122 M:     6.756807803038    13.892990523302     5.834733442754
LM   123 M:     3.935946920491    11.701269793349     5.491443523629
LM   124 M:     2.474030617728    10.973232796499     2.183036528192
LM   125 M:    -0.877893010745     9.540620432426     2.048519922683
LM   126 M:    -2.171524443325     8.336829132478    -1.234371978621
LM   127 M:    -5.873932891491     8.288313797193    -1.442446440597
LM   128 M:    -8.238745673037     6.438489346299    -3.628226877288
LM   129 M:   -11.776410691613     7.446538359332    -3.378025569316
LM   130 M:   -14.349316159276     4.741226079907    -3.338813912892
LM   131 M:   -17.766147947538     4.940986713369    -3.722249430793
LM   132 M:   -19.263111317428     2.049284800455    -2.977684076333
LM   133 M:   -21.612338930051     0.506248548255    -3.185680443813
LM   134 M:   -23.035310561506    -2.063602855904    -1.490933043946
LM   135 M:   -21.786085044154    -4.454134065934    -0.883201117085
LM   136 M:   -21.503371526660    -7.856639929948     0.125105602385
LM   137 M:   -18.377262681991    -8.693023485237    -1.136835139726
LM   138 M:   -16.813929878542    -6.461479739340    -3.540925704551
LM   139 M:   -13.465681031790    -7.041234268295    -4.957273061380
LM   140 M:   -11.928698949521    -3.984556345156    -6.401172352941
LM   141 M:    -8.439953923187    -3.808643924734    -7.700901416274
LM   142 M:    -6.291684961254    -0.963139664364    -6.703372197657
LM   143 M:    -3.123008462805    -0.411133787630    -8.602203118955
LM   144 M:    -0.210807099044     0.935568225252    -6.783979643816
LM   145 M:     2.880067573440     2.284592134711    -8.338617727877
LM   146 M:     5.498653385847     2.054412064985    -5.816293476318
LM   147 M:     8.823074826495     3.542291543483    -5.534854514579
LM   148 M:    11.356204030444     3.006002566087    -7.933710490440
LM   149 M:    13.221534297805     1.062751576424   -10.306550827261
LM   150 M:    16.608321177425     1.778025438718    -9.625461239995
LM   151 M:    17.975840178882     2.501981015895    -6.774719433576
LM   152 M:    15.728329056769     2.267793013088    -4.195652647893
LM   153 M:    15.638510299806    -0.054242016273    -1.991060292147
LM   154 M:    17.327745137283    -2.586440516420    -1.523636513886
LM   155 M:    18.969072641280    -1.973117954253     0.952978945041
LM   156 M:    19.333622303269     0.518163658877     1.608818187831
LM   157 M:    20.143292141019     1.272525038053     4.604869789268
LM   158 M:    17.299543902522     3.205719881106     3.858732447158
LM   159 M:    14.255991338796     1.532745222411     3.068906618044
LM   160 M:    12.389260273194    -1.315234169258     3.255027064082
LM   161 M:     8.910411941810     0.125141347271     2.823570134354
LM   162 M:     5.964773680300    -1.053390478833     4.863543885856
LM   163 M:     2.700436067928    -0.064320540516     3.166962708150
LM   164 M:    -0.211432545789     0.462399029359     5.472572081846
LM   165 M:    -3.518682447930     0.407703507747     3.663318226806
LM   166 M:    -6.307735635263     2.152397677245     5.351774924793
LM   167 M:    -9.873520241995     2.094531159240     4.263541124351
LM   168 M:   -11.894600163718     4.613685784450     6.070380924121
LM   169 M:   -15.509647736473     5.398718198632     6.426672397762
LM   170 M:   -15.816639924793     8.888598663794     7.402612345985
LM   171 M:   -19.056421366015     9.344376699768     8.950981052924
LM   172 M:   -18.085329690171     7.823814511813    11.926347716607
LM   173 M:   -15.086379861866     6.897547519978    11.641076797262
LM   174 M:   -14.235684052471     3.709569299165    10.883460199316
LM   175 M:   -11.013920720771     2.507801550966     9.778217320122
LM   176 M:    -9.952553700865    -0.599873900626     8.157330336435
LM   177 M:    -6.304684146121    -0.996418501351     8.140624825536
LM   178 M:    -4.113021739533    -3.534959079422     6.617257899985
LM   179 M:    -0.466575234084    -4.214289121732     6.218556814780
LM   180 M:     1.675638607728    -5.032261173542     3.200371338975
LM   181 M:     5.471581390631    -4.818071822040     3.105363551810
LM   182 M:     6.615558324676    -3.434718806821    -0.202870676058
LM   183 M:    10.003609489235    -3.934609366154    -1.710268276016
LM   184 M:    11.245072501521    -2.332774867664    -4.780762131970
LM   185 M:    13.751823696651    -2.685827612733    -7.435757088062
LM   186 M:    13.684795023163    -5.970416570189    -7.724344419239
LM   187 M:    13.336485100932    -8.319808276995   -10.287711705118
LM   188 M:    10.707800980993    -9.835587567575    -8.456778707765
LM   189 M:    10.332503002728   -13.417692165750    -9.312490416133
LM   190 M:    13.843590564815   -14.478826157370    -8.725493483053
LM   191 M:    13.935230091586   -12.360893848704    -5.642241369556
LM   192 M:    10.842141390424   -14.088827789691    -4.400995899703
LM   193 M:    12.535751788563   -17.398860025944    -4.810641347278
LM   194 M:    15.440878227678   -16.177548492426    -2.836798510324
LM   195 M:    13.018747767199   -14.777680620548    -0.348305813791
LM   196 M:    11.265984024152   -18.029872551728    -0.106601586151
LM   197 M:    14.530707993511   -19.449232653784     0.866313464562
LM   198 M:    15.054280789160   -16.956903681672     3.476002408092
LM   199 M:    12.547241553401   -16.978540308745     5.318244027809


